Year,Males,Females,Persons,Males 0-14,Males 15-64,Males 65+,Females 0-14,Females 15-64,Females 65+,Persons 0-14,Persons 15-64,Persons 65+,Growth Persons,Growth Percent
06/30/2015 12:00:00 AM,193916,196790,390706,37772,134373,21771,35882,135165,25743,73654,269538,47514,,
06/30/2016 12:00:00 AM,197159,199392,396551,38493,136203,22462,36439,136328,26625,74932,272532,49087,5845,1.5
06/30/2017 12:00:00 AM,200231,202318,402549,39374,137542,23314,37276,137379,27663,76650,274922,50977,5998,1.51
06/30/2018 12:00:00 AM,203412,205368,408780,40154,139064,24193,38106,138561,28701,78260,277626,52894,6231,1.55
06/30/2019 12:00:00 AM,206697,208524,415221,40908,140723,25065,38897,139995,29632,79805,280719,54697,6441,1.58
06/30/2020 12:00:00 AM,210063,211776,421839,41623,142566,25873,39710,141415,30651,81333,283982,56524,6618,1.59
06/30/2021 12:00:00 AM,213534,215132,428666,42237,144577,26719,40377,143043,31712,82614,287621,58431,6827,1.62
06/30/2022 12:00:00 AM,217063,218538,435601,42906,146572,27584,41096,144658,32784,84002,291231,60368,6935,1.62
06/30/2023 12:00:00 AM,220614,221979,442593,43531,148599,28483,41775,146340,33864,85306,294940,62347,6992,1.61
06/30/2024 12:00:00 AM,224168,225448,449616,44072,150761,29334,42384,148094,34970,86456,298856,64304,7023,1.59
06/30/2025 12:00:00 AM,227732,228934,456666,44614,152880,30237,42868,150022,36044,87482,302903,66281,7050,1.57
06/30/2026 12:00:00 AM,231303,232440,463743,45144,154988,31170,43440,151802,37198,88584,306791,68368,7077,1.55
06/30/2027 12:00:00 AM,234876,235963,470839,45587,157203,32085,43951,153671,38341,89538,310875,70426,7096,1.53
06/30/2028 12:00:00 AM,238460,239494,477954,46057,159473,32929,44339,155797,39358,90396,315271,72287,7115,1.51
06/30/2029 12:00:00 AM,242060,243031,485091,46504,161847,33708,44790,157839,40402,91294,319687,74110,7137,1.49
06/30/2030 12:00:00 AM,245656,246595,492251,46899,164297,34459,45177,160087,41331,92076,324385,75790,7160,1.48
06/30/2031 12:00:00 AM,249267,250175,499442,47287,166810,35169,45554,162345,42276,92841,329156,77445,7191,1.46
06/30/2032 12:00:00 AM,252900,253764,506664,47678,169331,35890,45926,164675,43163,93604,334007,79053,7222,1.45
06/30/2033 12:00:00 AM,256557,257366,513923,48070,171851,36635,46305,166977,44084,94375,338829,80719,7259,1.43
06/30/2034 12:00:00 AM,260240,260986,521226,48474,174330,37435,46689,169202,45095,95163,343533,82530,7303,1.42
06/30/2035 12:00:00 AM,263967,264637,528604,48903,176790,38273,47101,171472,46064,96004,348263,84337,7378,1.42
06/30/2036 12:00:00 AM,267734,268309,536043,49360,179157,39216,47537,173604,47168,96897,352762,86384,7439,1.41
06/30/2037 12:00:00 AM,271541,272009,543550,49846,181607,40087,48003,175756,48250,97849,357364,88337,7507,1.4
06/30/2038 12:00:00 AM,275388,275744,551132,50365,184122,40900,48503,178025,49216,98868,362148,90116,7582,1.39
06/30/2039 12:00:00 AM,279278,279520,558798,50926,186707,41644,49041,180368,50111,99967,367076,91755,7666,1.39
06/30/2040 12:00:00 AM,283214,283342,566556,51528,189299,42386,49620,182789,50933,101148,372089,93319,7758,1.39
06/30/2041 12:00:00 AM,287209,287203,574412,52178,191968,43062,50248,185271,51684,102426,377240,94746,7856,1.39
